name:     Ruwix
scrambles left:   0
solved (for sanity):  50
mean:     16985.72
standard deviation: 2149.8103574644033
times:      18508,19802,17046,12521,18110,17893,16111,17069,17811,14780,14944,15219,20841,16004,17548,19191,14331,14776,17776,17123,17984,17215,14821,14770,12088,18092,18179,13888,22141,18938,15704,16224,18208,14658,14350,18574,18810,19963,16436,14500,21465,18031,17063,19094,15328,16286,15715,17755,17998,17604
------------------------  
name:     csTimer
scrambles left:   0
solved (for sanity):  50
mean:     17466.56
standard deviation: 1685.429069818055
times:      21527,16090,16121,19067,17365,18176,16230,13369,17076,16649,18205,18043,19348,18390,18334,19616,19657,15319,16353,20489,18003,18602,17336,16294,17735,16670,18778,18555,14278,19161,17545,14921,15945,18167,16978,19787,18878,14813,19291,18950,16926,19277,17019,15470,16235,16623,15361,16139,17711,16456
------------------------  
name:     cubetimer.com
scrambles left:   0
solved (for sanity):  50
mean:     17651.58
standard deviation: 2158.6095400814415
times:      18051,19179,18005,14741,20726,19110,13744,17996,16158,17187,22304,17786,18730,19133,22709,15167,19869,16951,16905,15419,16529,17316,19639,16158,14825,13578,21659,15330,19667,15204,20024,20110,17446,17789,18866,16285,15482,17974,20252,20272,16958,17890,16646,16467,14249,17620,16699,19422,16272,16081
------------------------  
name:     qqTimer
scrambles left:   0
solved (for sanity):  50
mean:     17248.6
standard deviation: 2174.6705779149584
times:      15729,18207,20934,21946,18151,17069,16971,15961,18737,16747,15408,12117,17421,15869,17921,16822,17264,18474,18957,19981,15945,17518,19506,18419,16927,19694,18598,15437,19704,17467,21481,15787,20975,14805,13865,19977,14706,17047,15269,14936,15469,15004,19174,17509,14299,13731,19007,14588,17806,17094
------------------------  
name:     mine (not random-state)
scrambles left:   4
solved (for sanity):  46
mean:     17547.67391304348
standard deviation: 1920.030995749204
times:      18420,16905,16975,15965,17225,18394,17735,17775,18876,17204,16659,16195,19714,13781,20146,11272,17098,18932,16824,14985,11582,18306,18847,17926,20014,17515,17821,19039,18209,18175,18256,17568,18138,17163,18183,17417,18746,16646,19844,18196,20750,14874,16419,19052,19719,17708
------------------------  
name:     Block Keeper
scrambles left:   0
solved (for sanity):  50
mean:     17542.66
standard deviation: 2021.2399064910223
times:      23602,16596,15674,17163,16388,18423,21041,16706,17744,19304,16912,14614,20829,17385,17940,19439,17417,16498,15714,21015,14795,15851,15100,14681,16667,17756,15847,16835,16131,15535,16776,16781,16811,19857,16595,19413,17219,19623,15677,20465,20264,16371,20363,18883,16008,14491,16727,20183,17227,17797
